8
0 1 7 1073741823 19 1073741823 1073741823 1073741823
1 0 1073741823 10 6 15 1073741823 1073741823
7 1073741823 0 1073741823 1073741823 2 1073741823 14
1073741823 10 1073741823 0 3 1073741823 4 20
19 6 1073741823 3 0 11 1073741823 1073741823
1073741823 15 2 1073741823 11 0 12 13
1073741823 1073741823 1073741823 4 1073741823 12 0 5
1073741823 1073741823 14 20 1073741823 13 5 0
